{
    "accuracy": 0.7469879518072289,
    "precision": 0.7505112474437627,
    "recall": 0.723152709359606,
    "auc": 0.8319518542615485
}