{
    "accuracy": 0.7662650602409639,
    "precision": 0.7592954990215264,
    "recall": 0.7645320197044335,
    "auc": 0.8472999349381912
}