{
    "accuracy": 0.7691566265060241,
    "precision": 0.7601941747572816,
    "recall": 0.7714285714285715,
    "auc": 0.8530244446509898
}